
/////// 1/////////
/*sdvxo xqx: xqd glqwuh phwrghoh sulq fduh d irvw fulswdw phvdmxo d irvw xq sdwudw srobelxv, d fduhl fkhlh r yhl ghgxfh gxsd fh dioll fh sdjlqd zhe hvwh dfhdvwd. Phqwlrqhc fd pdl mrv yhl jdvl r lqirupdwlh pdl hadfwd lq fdcxo lq fduh r vd dl yuhr qhodpxuluh lqwu-r dqxplwd sulylqwd */

/* lqirupdwlh : WRDWH, vshu fd oh pdl wll plqwh :)) */

//decoded:
/*pasul unu: una dintre metodele prin care a fost criptat mesajul a fost un patrat polybius, a carei cheie o vei deduce dupa ce aflii ce pagina web este aceasta. Mentionez ca mai jos vei gasi o informatie mai exacta in cazul in care o sa ai vreo nelamurire intr-o anumita privinta */

/* informatie : TOATE, sper ca le mai tii minte :)) */

/////////////2//////
00110100 00111001 00100000 00110101 00110000 00100000 00110100 00111001 00100000 00110101 00110000 00100000 00110101 00110000 00100000 00110100 00111001 00100000 00110101 00110000 00100000 00110100 00111001 00100000 00110101 00110000 00100000 00110100 00111001 00100000 00110100 00111001 00100000 00110101 00110000 00100000 00110100 00111001 00100000 00110101 00110000 00100000 00110100 00111001 00100000 00110101 00110000 00100000 00110100 00111001 00100000 00110101 00110000 00100000 00110100 00111001 00100000 00110101 00110000 00100000 00110100 00111001 00100000 00110101 00110000 00100000 00110101 00110000 00100000 00110100 00111001 00100000 00110100 00111001 00100000 00110101 00110000 00100000 00110100 00111001 00100000 00110101 00110000 00100000 00110100 00111001 00100000 00110101 00110000 00100000 00110101 00110000 00100000 00110100 00111001 00100000 00110100 00111001 00100000 00110101 00110000 00100000 00110100 00111001 00100000 00110101 00110000 00100000 00110100 00111001 00100000 00110101 00110000 00100000 00110101 00110000 00100000 00110100 00111001 00100000 00110100 00111001 00100000 00110101 00110000 00100000 00110100 00111001 00100000 00110101 00110000 00100000 00110100 00111001 00100000 00110101 00110000 00100000 00110100 00111001 00100000 00110101 00110000 00100000 00110100 00111001 00100000 00110101 00110000 00100000 00110100 00111001 00100000 00110101 00110000 00100000 00110100 00111001 00100000 00110101 00110000 00100000 00110101 00110000 00100000 00110100 00111001 00100000 00110100 00111001 00100000 00110101 00110000 00100000 00110101 00110000 00100000 00110100 00111001 00100000 00110100 00111001 00100000 00110101 00110000 00100000 00110100 00111001 00100000 00110101 00110000 00100000 00110100 00111001 00100000 00110101 00110000 00100000 00110100 00111001 00100000 00110101 00110000 00100000 00110100 00111001 00100000 00110101 00110000 00100000 00110100 00111001 00100000 00110101 00110000 00100000 00110100 00111001 00100000 00110101 00110000 00100000 00110100 00111001 00100000 00110101 00110000 00100000 00110101 00110000 00100000 00110100 00111001 00100000 00110100 00111001 00100000 00110101 00110000 00100000 00110100 00111001 00100000 00110101 00110000 00100000 00110100 00111001 00100000 00110101 00110000 00100000 00110101 00110000 00100000 00110100 00111001 00100000 00110100 00111001 00100000 00110101 00110000 00100000 00110100 00111001 00100000 00110101 00110000 00100000 00110100 00111001 00100000 00110101 00110000 00100000 00110101 00110000 00100000 00110100 00111001 00100000 00110100 00111001 00100000 00110101 00110000 00100000 00110101 00110000 00100000 00110100 00111001 00100000 00110101 00110000 00100000 00110100 00111001 00100000 00110101 00110000 00100000 00110100 00111001 00100000 00110100 00111001 00100000 00110101 00110000 00100000 00110100 00111001 00100000 00110101 00110000 00100000 00110101 00110000 00100000 00110100 00111001 00100000 00110101 00110000 00100000 00110100 00111001 00100000 00110100 00111001 00100000 00110101 00110000 00100000 00110101 00110000 00100000 00110100 00111001 00100000 00110101 00110000 00100000 00110100 00111001 00100000 00110100 00111001 00100000 00110101 00110000 00100000 00110100 00111001 00100000 00110101 00110000 00100000 00110100 00111001 00100000 00110101 00110000 00100000 00110101 00110000 00100000 00110100 00111001 00100000 00110100 00111001 00100000 00110101 00110000 00100000 00110100 00111001 00100000 00110101 00110000 00100000 00110100 00111001 00100000 00110101 00110000 00100000 00110100 00111001 00100000 00110101 00110000 00100000 00110101 00110000 00100000 00110100 00111001 00100000 00110101 00110000 00100000 00110100 00111001 00100000 00110100 00111001 00100000 00110101 00110000 00100000 00110101 00110000 00100000 00110100 00111001 00100000 00110100 00111001 00100000 00110101 00110000 00100000 00110100 00111001 00100000 00110101 00110000 00100000 00110100 00111001 00100000 00110101 00110000 00100000 00110101 00110000 00100000 00110100 00111001 00100000 00110100 00111001 00100000 00110101 00110000 00100000

// decoded
52 57 32 53 48 32 52 57 32 53 48 32 53 48 32 52 57 32 53 48 32 52 57 32 53 48 32 52 57 32 52 57 32 53 48 32 52 57 32 53 48 32 52 57 32 53 48 32 52 57 32 53 48 32 52 57 32 53 48 32 52 57 32 53 48 32 53 48 32 52 57 32 52 57 32 53 48 32 52 57 32 53 48 32 52 57 32 53 48 32 53 48 32 52 57 32 52 57 32 53 48 32 52 57 32 53 48 32 52 57 32 53 48 32 53 48 32 52 57 32 52 57 32 53 48 32 52 57 32 53 48 32 52 57 32 53 48 32 52 57 32 53 48 32 52 57 32 53 48 32 52 57 32 53 48 32 52 57 32 53 48 32 53 48 32 52 57 32 52 57 32 53 48 32 53 48 32 52 57 32 52 57 32 53 48 32 52 57 32 53 48 32 52 57 32 53 48 32 52 57 32 53 48 32 52 57 32 53 48 32 52 57 32 53 48 32 52 57 32 53 48 32 52 57 32 53 48 32 53 48 32 52 57 32 52 57 32 53 48 32 52 57 32 53 48 32 52 57 32 53 48 32 53 48 32 52 57 32 52 57 32 53 48 32 52 57 32 53 48 32 52 57 32 53 48 32 53 48 32 52 57 32 52 57 32 53 48 32 53 48 32 52 57 32 53 48 32 52 57 32 53 48 32 52 57 32 52 57 32 53 48 32 52 57 32 53 48 32 53 48 32 52 57 32 53 48 32 52 57 32 52 57 32 53 48 32 53 48 32 52 57 32 53 48 32 52 57 32 52 57 32 53 48 32 52 57 32 53 48 32 52 57 32 53 48 32 53 48 32 52 57 32 52 57 32 53 48 32 52 57 32 53 48 32 52 57 32 53 48 32 52 57 32 53 48 32 53 48 32 52 57 32 53 48 32 52 57 32 52 57 32 53 48 32 53 48 32 52 57 32 52 57 32 53 48 32 52 57 32 53 48 32 52 57 32 53 48 32 53 48 32 52 57 32 52 57 32 53 48 32
 	

////// 3 //////
https://www.youtube.com/watch?v=ft4jcPSLJfY